# ['bins', '4_fold', '5_fold', '6_fold', '5_fold_sbp', '5_fold_tbp', '5_fold_SBP', '5_fold_TBP']
0.00000	0.00000	0.00000	0.00000	0.00000	0.00000	0.00000	0.00000
0.00020	0.00141	0.00000	0.00000	0.00000	0.00000	0.00000	0.00000
0.00040	0.00501	0.00000	0.00000	0.00000	0.00000	0.00000	0.00000
0.00060	0.01143	0.00000	0.00000	0.00000	0.00000	0.00000	0.00000
0.00080	0.01582	0.00000	0.00000	0.00000	0.00000	0.00000	0.00000
0.00100	0.02537	0.00000	0.00000	0.00000	0.00000	0.00000	0.00000
0.00120	0.03602	0.00000	0.00000	0.00000	0.00000	0.00000	0.00000
0.00140	0.03790	0.00043	0.00000	0.00000	0.00043	0.00000	0.00043
0.00160	0.04260	0.00086	0.00000	0.00000	0.00086	0.00000	0.00086
0.00180	0.04996	0.00129	0.00000	0.00000	0.00129	0.00000	0.00129
0.00200	0.05482	0.00129	0.00000	0.00000	0.00129	0.00000	0.00129
0.00220	0.06140	0.00086	0.00270	0.00000	0.00086	0.00000	0.00086
0.00240	0.06609	0.00129	0.00000	0.00000	0.00129	0.00000	0.00129
0.00260	0.07173	0.00173	0.00270	0.00000	0.00173	0.00000	0.00173
0.00280	0.07330	0.00129	0.00000	0.00000	0.00129	0.00000	0.00129
0.00300	0.07690	0.00432	0.00000	0.00000	0.00432	0.00000	0.00432
0.00320	0.07627	0.00216	0.00000	0.00000	0.00216	0.00000	0.00216
0.00340	0.08050	0.00690	0.00270	0.00000	0.00690	0.00000	0.00690
0.00360	0.08238	0.00561	0.00000	0.00043	0.00518	0.00043	0.00518
0.00380	0.09147	0.00475	0.00270	0.00000	0.00475	0.00000	0.00475
0.00400	0.08959	0.00863	0.00270	0.00043	0.00820	0.00043	0.00820
0.00420	0.09288	0.00647	0.00270	0.00000	0.00647	0.00000	0.00647
0.00440	0.09429	0.01208	0.00541	0.00043	0.01165	0.00043	0.01165
0.00460	0.09648	0.00993	0.00811	0.00086	0.00906	0.00086	0.00906
0.00480	0.09053	0.01554	0.00811	0.00129	0.01424	0.00129	0.01424
0.00501	0.09209	0.02028	0.01082	0.00173	0.01856	0.00173	0.01856
0.00521	0.09883	0.01295	0.01082	0.00086	0.01208	0.00086	0.01208
0.00541	0.09100	0.01683	0.01352	0.00086	0.01597	0.00086	0.01597
0.00561	0.08943	0.01597	0.02974	0.00086	0.01510	0.00086	0.01510
0.00581	0.09413	0.02028	0.01893	0.00216	0.01812	0.00216	0.01812
0.00601	0.09773	0.02028	0.03245	0.00259	0.01769	0.00259	0.01769
0.00621	0.08849	0.02546	0.03785	0.00173	0.02373	0.00173	0.02373
0.00641	0.09382	0.02589	0.02163	0.00216	0.02373	0.00216	0.02373
0.00661	0.08896	0.03236	0.02163	0.00345	0.02891	0.00345	0.02891
0.00681	0.08520	0.02632	0.04056	0.00302	0.02330	0.00302	0.02330
0.00701	0.08520	0.02503	0.02704	0.00216	0.02287	0.00216	0.02287
0.00721	0.08990	0.03107	0.04326	0.00302	0.02805	0.00302	0.02805
0.00741	0.08144	0.03021	0.05408	0.00432	0.02589	0.00432	0.02589
0.00761	0.08458	0.02805	0.04597	0.00388	0.02417	0.00388	0.02417
0.00781	0.08097	0.03323	0.04326	0.00518	0.02805	0.00518	0.02805
0.00801	0.08254	0.03884	0.05949	0.00302	0.03582	0.00302	0.03582
0.00821	0.08411	0.03797	0.04326	0.00518	0.03280	0.00518	0.03280
0.00841	0.07768	0.04013	0.04867	0.00518	0.03495	0.00518	0.03495
0.00861	0.07674	0.04704	0.08112	0.00777	0.03927	0.00777	0.03927
0.00881	0.07064	0.03970	0.05137	0.00561	0.03409	0.00561	0.03409
0.00901	0.07659	0.04876	0.07301	0.00690	0.04186	0.00690	0.04186
0.00921	0.07408	0.05480	0.05949	0.00993	0.04488	0.00993	0.04488
0.00941	0.07095	0.04013	0.06219	0.00906	0.03107	0.00906	0.03107
0.00961	0.07001	0.05653	0.05678	0.01338	0.04315	0.01338	0.04315
0.00981	0.06766	0.05178	0.05949	0.01122	0.04056	0.01122	0.04056
0.01001	0.06249	0.05222	0.04867	0.01036	0.04186	0.01036	0.04186
0.01021	0.07267	0.05308	0.09734	0.01165	0.04143	0.01165	0.04143
0.01041	0.06468	0.05308	0.08382	0.00993	0.04315	0.00993	0.04315
0.01061	0.06515	0.06085	0.05949	0.01036	0.05049	0.01036	0.05049
0.01081	0.05560	0.06948	0.08923	0.01510	0.05437	0.01510	0.05437
0.01101	0.05529	0.06516	0.05949	0.01640	0.04876	0.01640	0.04876
0.01121	0.06296	0.07897	0.06760	0.01726	0.06171	0.01726	0.06171
0.01141	0.05591	0.07638	0.07301	0.01726	0.05912	0.01726	0.05912
0.01161	0.05090	0.07465	0.06489	0.01812	0.05653	0.01812	0.05653
0.01181	0.05262	0.07940	0.07571	0.01726	0.06214	0.01726	0.06214
0.01201	0.05388	0.08113	0.06760	0.01812	0.06300	0.01812	0.06300
0.01221	0.04777	0.07422	0.09193	0.01510	0.05912	0.01510	0.05912
0.01241	0.04824	0.09019	0.06760	0.01899	0.07120	0.01899	0.07120
0.01261	0.04479	0.08717	0.05949	0.01683	0.07034	0.01683	0.07034
0.01281	0.04511	0.08458	0.08653	0.01942	0.06516	0.01942	0.06516
0.01301	0.04135	0.09709	0.08923	0.01812	0.07897	0.01856	0.07940
0.01321	0.04448	0.09062	0.06489	0.02373	0.06689	0.02417	0.06689
0.01341	0.04448	0.09925	0.06760	0.02460	0.07465	0.02546	0.07509
0.01361	0.04370	0.09407	0.08382	0.01942	0.07465	0.02158	0.07552
0.01381	0.03555	0.10184	0.05408	0.02201	0.07983	0.02287	0.08113
0.01401	0.03869	0.10572	0.07301	0.02589	0.07983	0.02805	0.08026
0.01421	0.03837	0.09925	0.06760	0.02632	0.07293	0.02632	0.07422
0.01441	0.03884	0.09839	0.06219	0.02589	0.07250	0.02675	0.07465
0.01461	0.03367	0.10227	0.07841	0.02287	0.07940	0.02805	0.08242
0.01481	0.03869	0.10745	0.05949	0.02589	0.08156	0.02934	0.08717
0.01502	0.03148	0.09796	0.08923	0.02762	0.07034	0.03236	0.07422
0.01522	0.03367	0.10270	0.09464	0.02503	0.07768	0.03021	0.08372
0.01542	0.03038	0.10616	0.07030	0.02891	0.07724	0.03539	0.08113
0.01562	0.02913	0.09925	0.06489	0.01856	0.08070	0.02287	0.08587
0.01582	0.03179	0.10400	0.08112	0.02287	0.08113	0.02675	0.08674
0.01602	0.02616	0.10055	0.06760	0.02503	0.07552	0.03064	0.08760
0.01622	0.02663	0.10443	0.06489	0.02460	0.07983	0.03280	0.09148
0.01642	0.02584	0.10227	0.08112	0.02158	0.08070	0.02891	0.09148
0.01662	0.02631	0.10961	0.09193	0.02675	0.08285	0.03754	0.09105
0.01682	0.02381	0.09494	0.06219	0.02071	0.07422	0.02891	0.09019
0.01702	0.02663	0.09019	0.05678	0.01812	0.07207	0.02891	0.08760
0.01722	0.02522	0.09235	0.05408	0.02244	0.06991	0.03625	0.08976
0.01742	0.02569	0.08803	0.07571	0.01899	0.06904	0.03970	0.08803
0.01762	0.02725	0.09709	0.04597	0.02028	0.07681	0.03884	0.09105
0.01782	0.02334	0.09537	0.06760	0.02373	0.07163	0.03495	0.08976
0.01802	0.02271	0.08674	0.04597	0.01769	0.06904	0.03409	0.08760
0.01822	0.01785	0.08156	0.06489	0.02158	0.05998	0.04315	0.07897
0.01842	0.02020	0.07552	0.03515	0.01424	0.06128	0.03409	0.08156
0.01862	0.02083	0.07768	0.04867	0.01381	0.06387	0.03582	0.08760
0.01882	0.01707	0.07293	0.05949	0.01467	0.05826	0.03754	0.08026
0.01902	0.01692	0.08070	0.04597	0.02028	0.06041	0.04013	0.08415
0.01922	0.01832	0.06516	0.05678	0.01424	0.05092	0.03927	0.07940
0.01942	0.01989	0.07120	0.07030	0.01381	0.05739	0.04100	0.07638
0.01962	0.01785	0.05222	0.04597	0.01122	0.04100	0.03970	0.06732
0.01982	0.01598	0.05480	0.03785	0.01079	0.04402	0.03539	0.07034
0.02002	0.01488	0.06041	0.04597	0.01122	0.04919	0.03970	0.07552
0.02022	0.01566	0.04617	0.04056	0.00906	0.03711	0.03884	0.06904
0.02042	0.01598	0.04358	0.04056	0.00690	0.03668	0.03927	0.06559
0.02062	0.01942	0.04747	0.01893	0.01381	0.03366	0.04574	0.05826
0.02082	0.01723	0.04617	0.02974	0.00820	0.03797	0.03841	0.06732
0.02102	0.01316	0.03711	0.04056	0.01036	0.02675	0.04013	0.05178
0.02122	0.01504	0.03841	0.02434	0.00863	0.02978	0.03711	0.05437
0.02142	0.01551	0.03668	0.05408	0.00777	0.02891	0.04100	0.05869
0.02162	0.01394	0.03668	0.04326	0.00906	0.02762	0.03927	0.04963
0.02182	0.01316	0.02805	0.04326	0.00561	0.02244	0.04143	0.04833
0.02202	0.01316	0.02417	0.02704	0.00432	0.01985	0.03970	0.04143
0.02222	0.01378	0.02891	0.03785	0.00690	0.02201	0.04617	0.04704
0.02242	0.01504	0.02934	0.02974	0.00518	0.02417	0.03797	0.04790
0.02262	0.01237	0.02719	0.01893	0.00734	0.01985	0.04574	0.04747
0.02282	0.01081	0.02071	0.02434	0.00216	0.01856	0.03711	0.04617
0.02302	0.01049	0.02028	0.02163	0.00432	0.01597	0.04574	0.04186
0.02322	0.01018	0.01942	0.02704	0.00302	0.01640	0.03797	0.04574
0.02342	0.00924	0.01554	0.03785	0.00173	0.01381	0.03236	0.03754
0.02362	0.00893	0.01467	0.03515	0.00216	0.01251	0.04229	0.04013
0.02382	0.00830	0.01769	0.01622	0.00302	0.01467	0.04704	0.03539
0.02402	0.00908	0.01295	0.02434	0.00259	0.01036	0.04574	0.02978
0.02422	0.00799	0.01597	0.02974	0.00388	0.01208	0.04013	0.03021
0.02442	0.00830	0.01510	0.01082	0.00216	0.01295	0.04229	0.03323
0.02462	0.00877	0.01165	0.02704	0.00129	0.01036	0.03970	0.02719
0.02482	0.00783	0.01295	0.02704	0.00216	0.01079	0.04229	0.02675
0.02503	0.00861	0.00820	0.02163	0.00043	0.00777	0.04747	0.02460
0.02523	0.00846	0.01208	0.01893	0.00129	0.01079	0.05178	0.02460
0.02543	0.00830	0.00820	0.02704	0.00086	0.00734	0.04358	0.02114
0.02563	0.00673	0.00647	0.01893	0.00000	0.00647	0.05437	0.02071
0.02583	0.00783	0.00647	0.02434	0.00086	0.00561	0.04833	0.01769
0.02603	0.01034	0.00475	0.01893	0.00043	0.00432	0.04833	0.01942
0.02623	0.00752	0.00690	0.01893	0.00000	0.00690	0.04100	0.02071
0.02643	0.00626	0.00518	0.01082	0.00043	0.00475	0.04661	0.01510
0.02663	0.00846	0.00345	0.02434	0.00043	0.00302	0.04229	0.01554
0.02683	0.00611	0.00518	0.01893	0.00043	0.00475	0.03927	0.00949
0.02703	0.00955	0.00604	0.01622	0.00086	0.00518	0.03711	0.01165
0.02723	0.00736	0.00302	0.02974	0.00043	0.00259	0.04358	0.00993
0.02743	0.00579	0.00432	0.01082	0.00086	0.00345	0.04402	0.00949
0.02763	0.00626	0.00086	0.01352	0.00000	0.00086	0.04402	0.00690
0.02783	0.00642	0.00302	0.02163	0.00086	0.00216	0.04186	0.00518
0.02803	0.00470	0.00216	0.01352	0.00043	0.00173	0.03409	0.00604
0.02823	0.00705	0.00388	0.01352	0.00086	0.00302	0.04358	0.00820
0.02843	0.00626	0.00216	0.00811	0.00000	0.00216	0.04445	0.00906
0.02863	0.00595	0.00173	0.01622	0.00000	0.00173	0.03236	0.00690
0.02883	0.00501	0.00129	0.02434	0.00000	0.00129	0.04186	0.00561
0.02903	0.00579	0.00129	0.00811	0.00043	0.00086	0.05308	0.00475
0.02923	0.00783	0.00129	0.01352	0.00000	0.00129	0.04617	0.00647
0.02943	0.00517	0.00216	0.01352	0.00043	0.00173	0.03754	0.00388
0.02963	0.00533	0.00043	0.01622	0.00000	0.00043	0.05308	0.00345
0.02983	0.00407	0.00086	0.00541	0.00000	0.00086	0.04013	0.00173
0.03003	0.00517	0.00086	0.00811	0.00000	0.00086	0.04143	0.00216
0.03023	0.00439	0.00173	0.00270	0.00000	0.00173	0.04229	0.00259
0.03043	0.00595	0.00086	0.00000	0.00000	0.00086	0.04186	0.00173
0.03063	0.00392	0.00000	0.01082	0.00000	0.00000	0.05178	0.00129
0.03083	0.00439	0.00043	0.00811	0.00000	0.00043	0.04747	0.00086
0.03103	0.00423	0.00043	0.00811	0.00000	0.00043	0.03970	0.00302
0.03123	0.00360	0.00043	0.00000	0.00000	0.00043	0.04661	0.00043
0.03143	0.00345	0.00043	0.00541	0.00000	0.00043	0.04445	0.00086
0.03163	0.00282	0.00000	0.00811	0.00000	0.00000	0.03754	0.00043
0.03183	0.00329	0.00000	0.02163	0.00000	0.00000	0.04617	0.00129
0.03203	0.00313	0.00000	0.00541	0.00000	0.00000	0.04747	0.00086
0.03223	0.00470	0.00000	0.01352	0.00000	0.00000	0.04445	0.00043
0.03243	0.00407	0.00000	0.01082	0.00000	0.00000	0.04704	0.00086
0.03263	0.00282	0.00000	0.00541	0.00000	0.00000	0.04488	0.00043
0.03283	0.00360	0.00000	0.01082	0.00000	0.00000	0.03668	0.00086
0.03303	0.00345	0.00000	0.01082	0.00000	0.00000	0.04358	0.00043
0.03323	0.00298	0.00000	0.00541	0.00000	0.00000	0.04790	0.00043
0.03343	0.00313	0.00043	0.00541	0.00000	0.00043	0.04488	0.00043
0.03363	0.00204	0.00000	0.00541	0.00000	0.00000	0.04100	0.00000
0.03383	0.00204	0.00000	0.01082	0.00000	0.00000	0.05049	0.00000
0.03403	0.00251	0.00000	0.01082	0.00000	0.00000	0.03841	0.00043
0.03423	0.00298	0.00000	0.00270	0.00000	0.00000	0.04013	0.00000
0.03443	0.00282	0.00043	0.01622	0.00000	0.00043	0.04617	0.00043
0.03463	0.00172	0.00000	0.00000	0.00000	0.00000	0.03409	0.00000
0.03483	0.00329	0.00000	0.00541	0.00000	0.00000	0.04272	0.00000
0.03504	0.00110	0.00000	0.00541	0.00000	0.00000	0.03884	0.00000
0.03524	0.00282	0.00000	0.00270	0.00000	0.00000	0.03797	0.00000
0.03544	0.00282	0.00000	0.00811	0.00000	0.00000	0.03970	0.00000
0.03564	0.00251	0.00000	0.00270	0.00000	0.00000	0.03884	0.00000
0.03584	0.00235	0.00000	0.00000	0.00000	0.00000	0.04100	0.00000
0.03604	0.00251	0.00000	0.00811	0.00000	0.00000	0.02934	0.00000
0.03624	0.00157	0.00000	0.00541	0.00000	0.00000	0.03539	0.00000
0.03644	0.00172	0.00000	0.01082	0.00000	0.00000	0.03366	0.00000
0.03664	0.00188	0.00000	0.00541	0.00000	0.00000	0.03280	0.00000
0.03684	0.00235	0.00000	0.00270	0.00000	0.00000	0.02891	0.00000
0.03704	0.00157	0.00000	0.00000	0.00000	0.00000	0.03064	0.00000
0.03724	0.00188	0.00000	0.00270	0.00000	0.00000	0.03150	0.00000
0.03744	0.00094	0.00000	0.01082	0.00000	0.00000	0.03625	0.00000
0.03764	0.00219	0.00000	0.00270	0.00000	0.00000	0.03064	0.00000
0.03784	0.00188	0.00000	0.00541	0.00000	0.00000	0.02373	0.00000
0.03804	0.00125	0.00000	0.00000	0.00000	0.00000	0.03107	0.00000
0.03824	0.00141	0.00000	0.00000	0.00000	0.00000	0.03107	0.00000
0.03844	0.00141	0.00000	0.00270	0.00000	0.00000	0.02848	0.00000
0.03864	0.00141	0.00000	0.00270	0.00000	0.00000	0.02244	0.00000
0.03884	0.00141	0.00000	0.00000	0.00000	0.00000	0.02675	0.00000
0.03904	0.00125	0.00000	0.00270	0.00000	0.00000	0.02762	0.00000
0.03924	0.00078	0.00000	0.00000	0.00000	0.00000	0.02632	0.00000
0.03944	0.00047	0.00000	0.00270	0.00000	0.00000	0.02589	0.00000
0.03964	0.00172	0.00000	0.00000	0.00000	0.00000	0.02158	0.00000
0.03984	0.00094	0.00000	0.00270	0.00000	0.00000	0.02589	0.00000
0.04004	0.00204	0.00000	0.00000	0.00000	0.00000	0.02546	0.00000
0.04024	0.00031	0.00000	0.00000	0.00000	0.00000	0.02762	0.00000
0.04044	0.00031	0.00000	0.00270	0.00000	0.00000	0.01985	0.00000
0.04064	0.00078	0.00000	0.00000	0.00000	0.00000	0.02071	0.00000
0.04084	0.00094	0.00000	0.00270	0.00000	0.00000	0.01856	0.00000
0.04104	0.00110	0.00000	0.00270	0.00000	0.00000	0.01856	0.00000
0.04124	0.00204	0.00000	0.00541	0.00000	0.00000	0.02028	0.00000
0.04144	0.00094	0.00000	0.00270	0.00000	0.00000	0.02158	0.00000
0.04164	0.00047	0.00000	0.00270	0.00000	0.00000	0.01381	0.00000
0.04184	0.00094	0.00000	0.00000	0.00000	0.00000	0.01424	0.00000
0.04204	0.00031	0.00000	0.00270	0.00000	0.00000	0.01856	0.00000
0.04224	0.00047	0.00000	0.00000	0.00000	0.00000	0.01467	0.00000
0.04244	0.00016	0.00000	0.00000	0.00000	0.00000	0.01812	0.00000
0.04264	0.00110	0.00000	0.00270	0.00000	0.00000	0.01251	0.00000
0.04284	0.00078	0.00000	0.00541	0.00000	0.00000	0.01510	0.00000
0.04304	0.00078	0.00000	0.00270	0.00000	0.00000	0.01295	0.00000
0.04324	0.00063	0.00000	0.00000	0.00000	0.00000	0.01122	0.00000
0.04344	0.00047	0.00000	0.00000	0.00000	0.00000	0.01079	0.00000
0.04364	0.00031	0.00000	0.00000	0.00000	0.00000	0.01122	0.00000
0.04384	0.00110	0.00000	0.00000	0.00000	0.00000	0.01251	0.00000
0.04404	0.00094	0.00000	0.00000	0.00000	0.00000	0.00906	0.00000
0.04424	0.00078	0.00000	0.00000	0.00000	0.00000	0.00906	0.00000
0.04444	0.00047	0.00000	0.00000	0.00000	0.00000	0.00993	0.00000
0.04464	0.00031	0.00000	0.00000	0.00000	0.00000	0.00906	0.00000
0.04484	0.00047	0.00000	0.00000	0.00000	0.00000	0.00604	0.00000
0.04505	0.00063	0.00000	0.00000	0.00000	0.00000	0.00863	0.00000
0.04525	0.00078	0.00000	0.00000	0.00000	0.00000	0.01079	0.00000
0.04545	0.00016	0.00000	0.00000	0.00000	0.00000	0.00820	0.00000
0.04565	0.00063	0.00000	0.00000	0.00000	0.00000	0.00863	0.00000
0.04585	0.00016	0.00000	0.00270	0.00000	0.00000	0.00863	0.00000
0.04605	0.00047	0.00000	0.00000	0.00000	0.00000	0.00561	0.00000
0.04625	0.00031	0.00000	0.00000	0.00000	0.00000	0.00820	0.00000
0.04645	0.00047	0.00000	0.00270	0.00000	0.00000	0.00734	0.00000
0.04665	0.00063	0.00000	0.00270	0.00000	0.00000	0.00734	0.00000
0.04685	0.00063	0.00000	0.00000	0.00000	0.00000	0.00388	0.00000
0.04705	0.00047	0.00000	0.00270	0.00000	0.00000	0.00388	0.00000
0.04725	0.00063	0.00000	0.00000	0.00000	0.00000	0.00302	0.00000
0.04745	0.00047	0.00000	0.00000	0.00000	0.00000	0.00475	0.00000
0.04765	0.00031	0.00000	0.00000	0.00000	0.00000	0.00259	0.00000
0.04785	0.00078	0.00000	0.00000	0.00000	0.00000	0.00388	0.00000
0.04805	0.00063	0.00000	0.00000	0.00000	0.00000	0.00432	0.00000
0.04825	0.00000	0.00000	0.00000	0.00000	0.00000	0.00345	0.00000
0.04845	0.00063	0.00000	0.00000	0.00000	0.00000	0.00216	0.00000
0.04865	0.00047	0.00000	0.00000	0.00000	0.00000	0.00216	0.00000
0.04885	0.00063	0.00000	0.00000	0.00000	0.00000	0.00259	0.00000
0.04905	0.00016	0.00000	0.00000	0.00000	0.00000	0.00432	0.00000
0.04925	0.00031	0.00000	0.00000	0.00000	0.00000	0.00259	0.00000
0.04945	0.00031	0.00000	0.00000	0.00000	0.00000	0.00129	0.00000
0.04965	0.00000	0.00000	0.00000	0.00000	0.00000	0.00216	0.00000
0.04985	0.00031	0.00000	0.00000	0.00000	0.00000	0.00302	0.00000
0.05005	0.00031	0.00000	0.00000	0.00000	0.00000	0.00302	0.00000
0.05025	0.00016	0.00000	0.00000	0.00000	0.00000	0.00173	0.00000
0.05045	0.00031	0.00000	0.00000	0.00000	0.00000	0.00086	0.00000
0.05065	0.00031	0.00000	0.00000	0.00000	0.00000	0.00216	0.00000
0.05085	0.00000	0.00000	0.00000	0.00000	0.00000	0.00388	0.00000
0.05105	0.00016	0.00000	0.00000	0.00000	0.00000	0.00216	0.00000
0.05125	0.00031	0.00000	0.00000	0.00000	0.00000	0.00086	0.00000
0.05145	0.00000	0.00000	0.00000	0.00000	0.00000	0.00302	0.00000
0.05165	0.00047	0.00000	0.00000	0.00000	0.00000	0.00173	0.00000
0.05185	0.00031	0.00000	0.00000	0.00000	0.00000	0.00173	0.00000
0.05205	0.00031	0.00000	0.00000	0.00000	0.00000	0.00043	0.00000
0.05225	0.00016	0.00000	0.00000	0.00000	0.00000	0.00173	0.00000
0.05245	0.00047	0.00000	0.00000	0.00000	0.00000	0.00000	0.00000
0.05265	0.00016	0.00000	0.00000	0.00000	0.00000	0.00086	0.00000
0.05285	0.00016	0.00000	0.00000	0.00000	0.00000	0.00129	0.00000
0.05305	0.00016	0.00000	0.00000	0.00000	0.00000	0.00086	0.00000
0.05325	0.00000	0.00000	0.00000	0.00000	0.00000	0.00086	0.00000
0.05345	0.00016	0.00000	0.00000	0.00000	0.00000	0.00086	0.00000
0.05365	0.00016	0.00000	0.00270	0.00000	0.00000	0.00086	0.00000
0.05385	0.00016	0.00000	0.00000	0.00000	0.00000	0.00086	0.00000
0.05405	0.00000	0.00000	0.00270	0.00000	0.00000	0.00086	0.00000
0.05425	0.00016	0.00000	0.00000	0.00000	0.00000	0.00000	0.00000
0.05445	0.00016	0.00000	0.00000	0.00000	0.00000	0.00086	0.00000
0.05465	0.00000	0.00000	0.00000	0.00000	0.00000	0.00043	0.00000
0.05485	0.00000	0.00000	0.00000	0.00000	0.00000	0.00086	0.00000
0.05506	0.00016	0.00000	0.00000	0.00000	0.00000	0.00000	0.00000
0.05526	0.00000	0.00000	0.00000	0.00000	0.00000	0.00000	0.00000
0.05546	0.00016	0.00000	0.00000	0.00000	0.00000	0.00000	0.00000
0.05566	0.00000	0.00000	0.00000	0.00000	0.00000	0.00000	0.00000
0.05586	0.00000	0.00000	0.00000	0.00000	0.00000	0.00000	0.00000
0.05606	0.00016	0.00000	0.00000	0.00000	0.00000	0.00000	0.00000
0.05626	0.00016	0.00000	0.00000	0.00000	0.00000	0.00043	0.00000
0.05646	0.00000	0.00000	0.00000	0.00000	0.00000	0.00043	0.00000
0.05666	0.00016	0.00000	0.00000	0.00000	0.00000	0.00086	0.00000
0.05686	0.00016	0.00000	0.00000	0.00000	0.00000	0.00000	0.00000
0.05706	0.00000	0.00000	0.00000	0.00000	0.00000	0.00000	0.00000
0.05726	0.00031	0.00000	0.00000	0.00000	0.00000	0.00000	0.00000
0.05746	0.00000	0.00000	0.00000	0.00000	0.00000	0.00086	0.00000
0.05766	0.00000	0.00000	0.00000	0.00000	0.00000	0.00043	0.00000
0.05786	0.00000	0.00000	0.00000	0.00000	0.00000	0.00043	0.00000
0.05806	0.00000	0.00000	0.00000	0.00000	0.00000	0.00043	0.00000
0.05826	0.00016	0.00000	0.00000	0.00000	0.00000	0.00000	0.00000
0.05846	0.00016	0.00000	0.00000	0.00000	0.00000	0.00043	0.00000
0.05866	0.00000	0.00000	0.00000	0.00000	0.00000	0.00043	0.00000
0.05886	0.00000	0.00000	0.00000	0.00000	0.00000	0.00043	0.00000
0.05906	0.00000	0.00000	0.00270	0.00000	0.00000	0.00043	0.00000
0.05926	0.00016	0.00000	0.00000	0.00000	0.00000	0.00000	0.00000
0.05946	0.00000	0.00000	0.00270	0.00000	0.00000	0.00000	0.00000
0.05966	0.00047	0.00000	0.00270	0.00000	0.00000	0.00000	0.00000
0.05986	0.00016	0.00000	0.00000	0.00000	0.00000	0.00043	0.00000
0.06006	0.00016	0.00000	0.00000	0.00000	0.00000	0.00000	0.00000
0.06026	0.00000	0.00000	0.00000	0.00000	0.00000	0.00043	0.00000
0.06046	0.00000	0.00000	0.00000	0.00000	0.00000	0.00000	0.00000
0.06066	0.00000	0.00000	0.00000	0.00000	0.00000	0.00000	0.00000
0.06086	0.00000	0.00000	0.00000	0.00000	0.00000	0.00000	0.00000
0.06106	0.00000	0.00000	0.00000	0.00000	0.00000	0.00000	0.00000
0.06126	0.00000	0.00000	0.00000	0.00000	0.00000	0.00000	0.00000
0.06146	0.00000	0.00000	0.00000	0.00000	0.00000	0.00000	0.00000
0.06166	0.00031	0.00000	0.00000	0.00000	0.00000	0.00000	0.00000
0.06186	0.00016	0.00000	0.00000	0.00000	0.00000	0.00000	0.00000
0.06206	0.00000	0.00000	0.00000	0.00000	0.00000	0.00000	0.00000
0.06226	0.00016	0.00000	0.00000	0.00000	0.00000	0.00000	0.00000
0.06246	0.00000	0.00000	0.00000	0.00000	0.00000	0.00000	0.00000
0.06266	0.00000	0.00000	0.00000	0.00000	0.00000	0.00000	0.00000
0.06286	0.00000	0.00000	0.00000	0.00000	0.00000	0.00000	0.00000
0.06306	0.00000	0.00000	0.00000	0.00000	0.00000	0.00000	0.00000
0.06326	0.00016	0.00000	0.00000	0.00000	0.00000	0.00000	0.00000
0.06346	0.00000	0.00000	0.00000	0.00000	0.00000	0.00000	0.00000
0.06366	0.00000	0.00000	0.00000	0.00000	0.00000	0.00000	0.00000
0.06386	0.00000	0.00000	0.00270	0.00000	0.00000	0.00000	0.00000
0.06406	0.00000	0.00000	0.00000	0.00000	0.00000	0.00000	0.00000
0.06426	0.00000	0.00000	0.00000	0.00000	0.00000	0.00000	0.00000
0.06446	0.00000	0.00000	0.00000	0.00000	0.00000	0.00000	0.00000
0.06466	0.00000	0.00000	0.00000	0.00000	0.00000	0.00000	0.00000
0.06486	0.00000	0.00000	0.00000	0.00000	0.00000	0.00000	0.00000
0.06507	0.00000	0.00000	0.00000	0.00000	0.00000	0.00000	0.00000
0.06527	0.00000	0.00000	0.00000	0.00000	0.00000	0.00000	0.00000
0.06547	0.00000	0.00000	0.00000	0.00000	0.00000	0.00000	0.00000
0.06567	0.00016	0.00000	0.00000	0.00000	0.00000	0.00000	0.00000
0.06587	0.00000	0.00000	0.00000	0.00000	0.00000	0.00000	0.00000
0.06607	0.00000	0.00000	0.00000	0.00000	0.00000	0.00000	0.00000
0.06627	0.00000	0.00000	0.00000	0.00000	0.00000	0.00000	0.00000
0.06647	0.00000	0.00000	0.00000	0.00000	0.00000	0.00000	0.00000
0.06667	0.00000	0.00000	0.00000	0.00000	0.00000	0.00000	0.00000
0.06687	0.00000	0.00000	0.00000	0.00000	0.00000	0.00000	0.00000
0.06707	0.00000	0.00000	0.00000	0.00000	0.00000	0.00000	0.00000
0.06727	0.00000	0.00000	0.00000	0.00000	0.00000	0.00000	0.00000
0.06747	0.00000	0.00000	0.00000	0.00000	0.00000	0.00000	0.00000
0.06767	0.00016	0.00000	0.00000	0.00000	0.00000	0.00000	0.00000
0.06787	0.00000	0.00000	0.00000	0.00000	0.00000	0.00000	0.00000
0.06807	0.00000	0.00000	0.00000	0.00000	0.00000	0.00000	0.00000
0.06827	0.00000	0.00000	0.00000	0.00000	0.00000	0.00000	0.00000
0.06847	0.00000	0.00000	0.00000	0.00000	0.00000	0.00000	0.00000
0.06867	0.00000	0.00000	0.00000	0.00000	0.00000	0.00000	0.00000
0.06887	0.00000	0.00000	0.00000	0.00000	0.00000	0.00000	0.00000
0.06907	0.00000	0.00000	0.00270	0.00000	0.00000	0.00000	0.00000
0.06927	0.00000	0.00000	0.00000	0.00000	0.00000	0.00000	0.00000
0.06947	0.00000	0.00000	0.00000	0.00000	0.00000	0.00000	0.00000
0.06967	0.00000	0.00000	0.00000	0.00000	0.00000	0.00000	0.00000
0.06987	0.00000	0.00000	0.00000	0.00000	0.00000	0.00000	0.00000
0.07007	0.00000	0.00000	0.00000	0.00000	0.00000	0.00000	0.00000
0.07027	0.00000	0.00000	0.00000	0.00000	0.00000	0.00000	0.00000
0.07047	0.00000	0.00000	0.00000	0.00000	0.00000	0.00000	0.00000
0.07067	0.00000	0.00000	0.00000	0.00000	0.00000	0.00000	0.00000
0.07087	0.00000	0.00000	0.00000	0.00000	0.00000	0.00000	0.00000
0.07107	0.00000	0.00000	0.00000	0.00000	0.00000	0.00000	0.00000
0.07127	0.00000	0.00000	0.00000	0.00000	0.00000	0.00000	0.00000
0.07147	0.00000	0.00000	0.00000	0.00000	0.00000	0.00000	0.00000
0.07167	0.00000	0.00000	0.00000	0.00000	0.00000	0.00000	0.00000
0.07187	0.00000	0.00000	0.00000	0.00000	0.00000	0.00000	0.00000
0.07207	0.00000	0.00000	0.00000	0.00000	0.00000	0.00000	0.00000
0.07227	0.00000	0.00000	0.00000	0.00000	0.00000	0.00000	0.00000
0.07247	0.00000	0.00000	0.00000	0.00000	0.00000	0.00000	0.00000
0.07267	0.00000	0.00000	0.00000	0.00000	0.00000	0.00000	0.00000
0.07287	0.00000	0.00000	0.00000	0.00000	0.00000	0.00000	0.00000
0.07307	0.00000	0.00000	0.00000	0.00000	0.00000	0.00000	0.00000
0.07327	0.00016	0.00000	0.00000	0.00000	0.00000	0.00000	0.00000
0.07347	0.00000	0.00000	0.00000	0.00000	0.00000	0.00000	0.00000
0.07367	0.00000	0.00000	0.00000	0.00000	0.00000	0.00000	0.00000
0.07387	0.00000	0.00000	0.00000	0.00000	0.00000	0.00000	0.00000
0.07407	0.00000	0.00000	0.00000	0.00000	0.00000	0.00000	0.00000
0.07427	0.00000	0.00000	0.00000	0.00000	0.00000	0.00000	0.00000
0.07447	0.00000	0.00000	0.00000	0.00000	0.00000	0.00000	0.00000
0.07467	0.00000	0.00000	0.00000	0.00000	0.00000	0.00000	0.00000
0.07487	0.00000	0.00000	0.00000	0.00000	0.00000	0.00000	0.00000
0.07508	0.00000	0.00000	0.00000	0.00000	0.00000	0.00000	0.00000
0.07528	0.00000	0.00000	0.00000	0.00000	0.00000	0.00000	0.00000
0.07548	0.00000	0.00000	0.00000	0.00000	0.00000	0.00000	0.00000
0.07568	0.00000	0.00000	0.00000	0.00000	0.00000	0.00000	0.00000
0.07588	0.00000	0.00000	0.00000	0.00000	0.00000	0.00000	0.00000
0.07608	0.00000	0.00000	0.00000	0.00000	0.00000	0.00000	0.00000
0.07628	0.00000	0.00000	0.00000	0.00000	0.00000	0.00000	0.00000
0.07648	0.00000	0.00000	0.00000	0.00000	0.00000	0.00000	0.00000
0.07668	0.00000	0.00000	0.00000	0.00000	0.00000	0.00000	0.00000
0.07688	0.00000	0.00000	0.00000	0.00000	0.00000	0.00000	0.00000
0.07708	0.00000	0.00000	0.00000	0.00000	0.00000	0.00000	0.00000
0.07728	0.00000	0.00000	0.00000	0.00000	0.00000	0.00000	0.00000
0.07748	0.00000	0.00000	0.00000	0.00000	0.00000	0.00000	0.00000
0.07768	0.00000	0.00000	0.00000	0.00000	0.00000	0.00000	0.00000
0.07788	0.00000	0.00000	0.00000	0.00000	0.00000	0.00000	0.00000
0.07808	0.00000	0.00000	0.00000	0.00000	0.00000	0.00000	0.00000
0.07828	0.00000	0.00000	0.00000	0.00000	0.00000	0.00000	0.00000
0.07848	0.00000	0.00000	0.00000	0.00000	0.00000	0.00000	0.00000
0.07868	0.00000	0.00000	0.00000	0.00000	0.00000	0.00000	0.00000
0.07888	0.00000	0.00000	0.00000	0.00000	0.00000	0.00000	0.00000
0.07908	0.00000	0.00000	0.00000	0.00000	0.00000	0.00000	0.00000
0.07928	0.00000	0.00000	0.00000	0.00000	0.00000	0.00000	0.00000
0.07948	0.00000	0.00000	0.00000	0.00000	0.00000	0.00000	0.00000
0.07968	0.00000	0.00000	0.00000	0.00000	0.00000	0.00000	0.00000
0.07988	0.00000	0.00000	0.00000	0.00000	0.00000	0.00000	0.00000
0.08008	0.00000	0.00000	0.00000	0.00000	0.00000	0.00000	0.00000
0.08028	0.00000	0.00000	0.00000	0.00000	0.00000	0.00000	0.00000
0.08048	0.00000	0.00000	0.00000	0.00000	0.00000	0.00000	0.00000
0.08068	0.00000	0.00000	0.00000	0.00000	0.00000	0.00000	0.00000
0.08088	0.00000	0.00000	0.00000	0.00000	0.00000	0.00000	0.00000
0.08108	0.00000	0.00000	0.00000	0.00000	0.00000	0.00000	0.00000
0.08128	0.00000	0.00000	0.00000	0.00000	0.00000	0.00000	0.00000
0.08148	0.00000	0.00000	0.00000	0.00000	0.00000	0.00000	0.00000
0.08168	0.00000	0.00000	0.00000	0.00000	0.00000	0.00000	0.00000
0.08188	0.00000	0.00000	0.00000	0.00000	0.00000	0.00000	0.00000
0.08208	0.00000	0.00000	0.00000	0.00000	0.00000	0.00000	0.00000
0.08228	0.00000	0.00000	0.00000	0.00000	0.00000	0.00000	0.00000
0.08248	0.00000	0.00000	0.00000	0.00000	0.00000	0.00000	0.00000
0.08268	0.00000	0.00000	0.00000	0.00000	0.00000	0.00000	0.00000
0.08288	0.00000	0.00000	0.00000	0.00000	0.00000	0.00000	0.00000
0.08308	0.00000	0.00000	0.00000	0.00000	0.00000	0.00000	0.00000
0.08328	0.00000	0.00000	0.00000	0.00000	0.00000	0.00000	0.00000
0.08348	0.00000	0.00000	0.00000	0.00000	0.00000	0.00000	0.00000
0.08368	0.00000	0.00000	0.00000	0.00000	0.00000	0.00000	0.00000
0.08388	0.00000	0.00000	0.00000	0.00000	0.00000	0.00000	0.00000
0.08408	0.00000	0.00000	0.00000	0.00000	0.00000	0.00000	0.00000
0.08428	0.00000	0.00000	0.00000	0.00000	0.00000	0.00000	0.00000
0.08448	0.00000	0.00000	0.00000	0.00000	0.00000	0.00000	0.00000
0.08468	0.00000	0.00000	0.00000	0.00000	0.00000	0.00000	0.00000
0.08488	0.00000	0.00000	0.00000	0.00000	0.00000	0.00000	0.00000
0.08509	0.00000	0.00000	0.00000	0.00000	0.00000	0.00000	0.00000
0.08529	0.00000	0.00000	0.00000	0.00000	0.00000	0.00000	0.00000
0.08549	0.00000	0.00000	0.00000	0.00000	0.00000	0.00000	0.00000
0.08569	0.00000	0.00000	0.00000	0.00000	0.00000	0.00000	0.00000
0.08589	0.00000	0.00000	0.00000	0.00000	0.00000	0.00000	0.00000
0.08609	0.00000	0.00000	0.00000	0.00000	0.00000	0.00000	0.00000
0.08629	0.00000	0.00000	0.00000	0.00000	0.00000	0.00000	0.00000
0.08649	0.00000	0.00000	0.00000	0.00000	0.00000	0.00000	0.00000
0.08669	0.00000	0.00000	0.00000	0.00000	0.00000	0.00000	0.00000
0.08689	0.00000	0.00000	0.00000	0.00000	0.00000	0.00000	0.00000
0.08709	0.00000	0.00000	0.00000	0.00000	0.00000	0.00000	0.00000
0.08729	0.00000	0.00000	0.00000	0.00000	0.00000	0.00000	0.00000
0.08749	0.00000	0.00000	0.00000	0.00000	0.00000	0.00000	0.00000
0.08769	0.00000	0.00000	0.00000	0.00000	0.00000	0.00000	0.00000
0.08789	0.00000	0.00000	0.00000	0.00000	0.00000	0.00000	0.00000
0.08809	0.00000	0.00000	0.00000	0.00000	0.00000	0.00000	0.00000
0.08829	0.00000	0.00000	0.00000	0.00000	0.00000	0.00000	0.00000
0.08849	0.00000	0.00000	0.00000	0.00000	0.00000	0.00000	0.00000
0.08869	0.00000	0.00000	0.00000	0.00000	0.00000	0.00000	0.00000
0.08889	0.00000	0.00000	0.00000	0.00000	0.00000	0.00000	0.00000
0.08909	0.00000	0.00000	0.00000	0.00000	0.00000	0.00000	0.00000
0.08929	0.00000	0.00000	0.00000	0.00000	0.00000	0.00000	0.00000
0.08949	0.00000	0.00000	0.00000	0.00000	0.00000	0.00000	0.00000
0.08969	0.00000	0.00000	0.00000	0.00000	0.00000	0.00000	0.00000
0.08989	0.00000	0.00000	0.00000	0.00000	0.00000	0.00000	0.00000
0.09009	0.00000	0.00000	0.00000	0.00000	0.00000	0.00000	0.00000
0.09029	0.00000	0.00000	0.00000	0.00000	0.00000	0.00000	0.00000
0.09049	0.00000	0.00000	0.00000	0.00000	0.00000	0.00000	0.00000
0.09069	0.00000	0.00000	0.00000	0.00000	0.00000	0.00000	0.00000
0.09089	0.00000	0.00000	0.00000	0.00000	0.00000	0.00000	0.00000
0.09109	0.00000	0.00000	0.00000	0.00000	0.00000	0.00000	0.00000
0.09129	0.00000	0.00000	0.00000	0.00000	0.00000	0.00000	0.00000
0.09149	0.00000	0.00000	0.00000	0.00000	0.00000	0.00000	0.00000
0.09169	0.00000	0.00000	0.00000	0.00000	0.00000	0.00000	0.00000
0.09189	0.00000	0.00000	0.00000	0.00000	0.00000	0.00000	0.00000
0.09209	0.00000	0.00000	0.00000	0.00000	0.00000	0.00000	0.00000
0.09229	0.00000	0.00000	0.00000	0.00000	0.00000	0.00000	0.00000
0.09249	0.00000	0.00000	0.00000	0.00000	0.00000	0.00000	0.00000
0.09269	0.00000	0.00000	0.00000	0.00000	0.00000	0.00000	0.00000
0.09289	0.00000	0.00000	0.00000	0.00000	0.00000	0.00000	0.00000
0.09309	0.00000	0.00000	0.00000	0.00000	0.00000	0.00000	0.00000
0.09329	0.00000	0.00000	0.00000	0.00000	0.00000	0.00000	0.00000
0.09349	0.00000	0.00000	0.00000	0.00000	0.00000	0.00000	0.00000
0.09369	0.00000	0.00000	0.00000	0.00000	0.00000	0.00000	0.00000
0.09389	0.00000	0.00000	0.00000	0.00000	0.00000	0.00000	0.00000
0.09409	0.00000	0.00000	0.00000	0.00000	0.00000	0.00000	0.00000
0.09429	0.00000	0.00000	0.00000	0.00000	0.00000	0.00000	0.00000
0.09449	0.00000	0.00000	0.00000	0.00000	0.00000	0.00000	0.00000
0.09469	0.00000	0.00000	0.00000	0.00000	0.00000	0.00000	0.00000
0.09489	0.00000	0.00000	0.00000	0.00000	0.00000	0.00000	0.00000
0.09510	0.00000	0.00000	0.00000	0.00000	0.00000	0.00000	0.00000
0.09530	0.00000	0.00000	0.00000	0.00000	0.00000	0.00000	0.00000
0.09550	0.00000	0.00000	0.00000	0.00000	0.00000	0.00000	0.00000
0.09570	0.00000	0.00000	0.00000	0.00000	0.00000	0.00000	0.00000
0.09590	0.00000	0.00000	0.00000	0.00000	0.00000	0.00000	0.00000
0.09610	0.00000	0.00000	0.00000	0.00000	0.00000	0.00000	0.00000
0.09630	0.00000	0.00000	0.00000	0.00000	0.00000	0.00000	0.00000
0.09650	0.00000	0.00000	0.00000	0.00000	0.00000	0.00000	0.00000
0.09670	0.00000	0.00000	0.00000	0.00000	0.00000	0.00000	0.00000
0.09690	0.00000	0.00000	0.00000	0.00000	0.00000	0.00000	0.00000
0.09710	0.00000	0.00000	0.00000	0.00000	0.00000	0.00000	0.00000
0.09730	0.00000	0.00000	0.00000	0.00000	0.00000	0.00000	0.00000
0.09750	0.00000	0.00000	0.00000	0.00000	0.00000	0.00000	0.00000
0.09770	0.00000	0.00000	0.00000	0.00000	0.00000	0.00000	0.00000
0.09790	0.00000	0.00000	0.00000	0.00000	0.00000	0.00000	0.00000
0.09810	0.00000	0.00000	0.00000	0.00000	0.00000	0.00000	0.00000
0.09830	0.00000	0.00000	0.00000	0.00000	0.00000	0.00000	0.00000
0.09850	0.00000	0.00000	0.00000	0.00000	0.00000	0.00000	0.00000
0.09870	0.00000	0.00000	0.00000	0.00000	0.00000	0.00000	0.00000
0.09890	0.00000	0.00000	0.00000	0.00000	0.00000	0.00000	0.00000
0.09910	0.00000	0.00000	0.00000	0.00000	0.00000	0.00000	0.00000
0.09930	0.00000	0.00000	0.00000	0.00000	0.00000	0.00000	0.00000
0.09950	0.00000	0.00000	0.00000	0.00000	0.00000	0.00000	0.00000
0.09970	0.00000	0.00000	0.00000	0.00000	0.00000	0.00000	0.00000
0.09990	0.00000	0.00000	0.00000	0.00000	0.00000	0.00000	0.00000
0.10010	0.00000	0.00000	0.00000	0.00000	0.00000	0.00000	0.00000
0.10030	0.00000	0.00000	0.00000	0.00000	0.00000	0.00000	0.00000
0.10050	0.00000	0.00000	0.00000	0.00000	0.00000	0.00000	0.00000
0.10070	0.00000	0.00000	0.00000	0.00000	0.00000	0.00000	0.00000
0.10090	0.00000	0.00000	0.00000	0.00000	0.00000	0.00000	0.00000
0.10110	0.00000	0.00000	0.00000	0.00000	0.00000	0.00000	0.00000
0.10130	0.00000	0.00000	0.00000	0.00000	0.00000	0.00000	0.00000
0.10150	0.00000	0.00000	0.00000	0.00000	0.00000	0.00000	0.00000
0.10170	0.00000	0.00000	0.00000	0.00000	0.00000	0.00000	0.00000
0.10190	0.00000	0.00000	0.00000	0.00000	0.00000	0.00000	0.00000
0.10210	0.00000	0.00000	0.00000	0.00000	0.00000	0.00000	0.00000
0.10230	0.00000	0.00000	0.00000	0.00000	0.00000	0.00000	0.00000
0.10250	0.00000	0.00000	0.00000	0.00000	0.00000	0.00000	0.00000
0.10270	0.00000	0.00000	0.00000	0.00000	0.00000	0.00000	0.00000
0.10290	0.00000	0.00000	0.00000	0.00000	0.00000	0.00000	0.00000
0.10310	0.00000	0.00000	0.00000	0.00000	0.00000	0.00000	0.00000
0.10330	0.00000	0.00000	0.00000	0.00000	0.00000	0.00000	0.00000
0.10350	0.00000	0.00000	0.00000	0.00000	0.00000	0.00000	0.00000
0.10370	0.00000	0.00000	0.00000	0.00000	0.00000	0.00000	0.00000
0.10390	0.00000	0.00000	0.00000	0.00000	0.00000	0.00000	0.00000
0.10410	0.00000	0.00000	0.00000	0.00000	0.00000	0.00000	0.00000
0.10430	0.00000	0.00000	0.00000	0.00000	0.00000	0.00000	0.00000
0.10450	0.00000	0.00000	0.00000	0.00000	0.00000	0.00000	0.00000
0.10470	0.00000	0.00000	0.00000	0.00000	0.00000	0.00000	0.00000
0.10490	0.00000	0.00000	0.00000	0.00000	0.00000	0.00000	0.00000
0.10511	0.00000	0.00000	0.00000	0.00000	0.00000	0.00000	0.00000
0.10531	0.00000	0.00000	0.00000	0.00000	0.00000	0.00000	0.00000
0.10551	0.00000	0.00000	0.00000	0.00000	0.00000	0.00000	0.00000
0.10571	0.00000	0.00000	0.00000	0.00000	0.00000	0.00000	0.00000
0.10591	0.00000	0.00000	0.00000	0.00000	0.00000	0.00000	0.00000
0.10611	0.00000	0.00000	0.00000	0.00000	0.00000	0.00000	0.00000
0.10631	0.00000	0.00000	0.00000	0.00000	0.00000	0.00000	0.00000
0.10651	0.00000	0.00000	0.00000	0.00000	0.00000	0.00000	0.00000
0.10671	0.00000	0.00000	0.00000	0.00000	0.00000	0.00000	0.00000
0.10691	0.00000	0.00000	0.00000	0.00000	0.00000	0.00000	0.00000
0.10711	0.00000	0.00000	0.00000	0.00000	0.00000	0.00000	0.00000
0.10731	0.00000	0.00000	0.00000	0.00000	0.00000	0.00000	0.00000
0.10751	0.00000	0.00000	0.00000	0.00000	0.00000	0.00000	0.00000
0.10771	0.00000	0.00000	0.00000	0.00000	0.00000	0.00000	0.00000
0.10791	0.00000	0.00000	0.00000	0.00000	0.00000	0.00000	0.00000
0.10811	0.00000	0.00000	0.00000	0.00000	0.00000	0.00000	0.00000
0.10831	0.00000	0.00000	0.00000	0.00000	0.00000	0.00000	0.00000
0.10851	0.00000	0.00000	0.00000	0.00000	0.00000	0.00000	0.00000
0.10871	0.00000	0.00000	0.00000	0.00000	0.00000	0.00000	0.00000
0.10891	0.00000	0.00000	0.00000	0.00000	0.00000	0.00000	0.00000
0.10911	0.00000	0.00000	0.00000	0.00000	0.00000	0.00000	0.00000
0.10931	0.00000	0.00000	0.00000	0.00000	0.00000	0.00000	0.00000
0.10951	0.00000	0.00000	0.00000	0.00000	0.00000	0.00000	0.00000
0.10971	0.00000	0.00000	0.00000	0.00000	0.00000	0.00000	0.00000
0.10991	0.00000	0.00000	0.00000	0.00000	0.00000	0.00000	0.00000
0.11011	0.00000	0.00000	0.00000	0.00000	0.00000	0.00000	0.00000
0.11031	0.00000	0.00000	0.00000	0.00000	0.00000	0.00000	0.00000
0.11051	0.00000	0.00000	0.00000	0.00000	0.00000	0.00000	0.00000
0.11071	0.00000	0.00000	0.00000	0.00000	0.00000	0.00000	0.00000
0.11091	0.00000	0.00000	0.00000	0.00000	0.00000	0.00000	0.00000
0.11111	0.00000	0.00000	0.00000	0.00000	0.00000	0.00000	0.00000
0.11131	0.00000	0.00000	0.00000	0.00000	0.00000	0.00000	0.00000
0.11151	0.00000	0.00000	0.00000	0.00000	0.00000	0.00000	0.00000
0.11171	0.00000	0.00000	0.00000	0.00000	0.00000	0.00000	0.00000
0.11191	0.00000	0.00000	0.00000	0.00000	0.00000	0.00000	0.00000
0.11211	0.00000	0.00000	0.00000	0.00000	0.00000	0.00000	0.00000
0.11231	0.00000	0.00000	0.00000	0.00000	0.00000	0.00000	0.00000
0.11251	0.00000	0.00000	0.00000	0.00000	0.00000	0.00000	0.00000
0.11271	0.00000	0.00000	0.00000	0.00000	0.00000	0.00000	0.00000
0.11291	0.00000	0.00000	0.00000	0.00000	0.00000	0.00000	0.00000
0.11311	0.00000	0.00000	0.00000	0.00000	0.00000	0.00000	0.00000
0.11331	0.00000	0.00000	0.00000	0.00000	0.00000	0.00000	0.00000
0.11351	0.00000	0.00000	0.00000	0.00000	0.00000	0.00000	0.00000
0.11371	0.00000	0.00000	0.00000	0.00000	0.00000	0.00000	0.00000
0.11391	0.00000	0.00000	0.00000	0.00000	0.00000	0.00000	0.00000
0.11411	0.00000	0.00000	0.00000	0.00000	0.00000	0.00000	0.00000
0.11431	0.00000	0.00000	0.00000	0.00000	0.00000	0.00000	0.00000
0.11451	0.00000	0.00000	0.00000	0.00000	0.00000	0.00000	0.00000
0.11471	0.00000	0.00000	0.00000	0.00000	0.00000	0.00000	0.00000
0.11491	0.00000	0.00000	0.00000	0.00000	0.00000	0.00000	0.00000
0.11512	0.00000	0.00000	0.00000	0.00000	0.00000	0.00000	0.00000
0.11532	0.00000	0.00000	0.00000	0.00000	0.00000	0.00000	0.00000
0.11552	0.00000	0.00000	0.00000	0.00000	0.00000	0.00000	0.00000
0.11572	0.00000	0.00000	0.00000	0.00000	0.00000	0.00000	0.00000
0.11592	0.00000	0.00000	0.00000	0.00000	0.00000	0.00000	0.00000
0.11612	0.00000	0.00000	0.00000	0.00000	0.00000	0.00000	0.00000
0.11632	0.00000	0.00000	0.00000	0.00000	0.00000	0.00000	0.00000
0.11652	0.00000	0.00000	0.00000	0.00000	0.00000	0.00000	0.00000
0.11672	0.00000	0.00000	0.00000	0.00000	0.00000	0.00000	0.00000
0.11692	0.00000	0.00000	0.00000	0.00000	0.00000	0.00000	0.00000
0.11712	0.00000	0.00000	0.00000	0.00000	0.00000	0.00000	0.00000
0.11732	0.00000	0.00000	0.00000	0.00000	0.00000	0.00000	0.00000
0.11752	0.00000	0.00000	0.00000	0.00000	0.00000	0.00000	0.00000
0.11772	0.00000	0.00000	0.00000	0.00000	0.00000	0.00000	0.00000
0.11792	0.00000	0.00000	0.00000	0.00000	0.00000	0.00000	0.00000
0.11812	0.00000	0.00000	0.00000	0.00000	0.00000	0.00000	0.00000
0.11832	0.00000	0.00000	0.00000	0.00000	0.00000	0.00000	0.00000
0.11852	0.00000	0.00000	0.00000	0.00000	0.00000	0.00000	0.00000
0.11872	0.00000	0.00000	0.00000	0.00000	0.00000	0.00000	0.00000
0.11892	0.00000	0.00000	0.00000	0.00000	0.00000	0.00000	0.00000
0.11912	0.00000	0.00000	0.00000	0.00000	0.00000	0.00000	0.00000
0.11932	0.00000	0.00000	0.00000	0.00000	0.00000	0.00000	0.00000
0.11952	0.00000	0.00000	0.00000	0.00000	0.00000	0.00000	0.00000
0.11972	0.00000	0.00000	0.00000	0.00000	0.00000	0.00000	0.00000
0.11992	0.00000	0.00000	0.00000	0.00000	0.00000	0.00000	0.00000
0.12012	0.00000	0.00000	0.00000	0.00000	0.00000	0.00000	0.00000
0.12032	0.00000	0.00000	0.00000	0.00000	0.00000	0.00000	0.00000
0.12052	0.00000	0.00000	0.00000	0.00000	0.00000	0.00000	0.00000
0.12072	0.00000	0.00000	0.00000	0.00000	0.00000	0.00000	0.00000
0.12092	0.00000	0.00000	0.00000	0.00000	0.00000	0.00000	0.00000
0.12112	0.00000	0.00000	0.00000	0.00000	0.00000	0.00000	0.00000
0.12132	0.00000	0.00000	0.00000	0.00000	0.00000	0.00000	0.00000
0.12152	0.00000	0.00000	0.00000	0.00000	0.00000	0.00000	0.00000
0.12172	0.00000	0.00000	0.00000	0.00000	0.00000	0.00000	0.00000
0.12192	0.00000	0.00000	0.00000	0.00000	0.00000	0.00000	0.00000
0.12212	0.00000	0.00000	0.00000	0.00000	0.00000	0.00000	0.00000
0.12232	0.00000	0.00000	0.00000	0.00000	0.00000	0.00000	0.00000
0.12252	0.00000	0.00000	0.00000	0.00000	0.00000	0.00000	0.00000
0.12272	0.00000	0.00000	0.00000	0.00000	0.00000	0.00000	0.00000
0.12292	0.00000	0.00000	0.00000	0.00000	0.00000	0.00000	0.00000
0.12312	0.00000	0.00000	0.00000	0.00000	0.00000	0.00000	0.00000
0.12332	0.00000	0.00000	0.00000	0.00000	0.00000	0.00000	0.00000
0.12352	0.00000	0.00000	0.00000	0.00000	0.00000	0.00000	0.00000
0.12372	0.00000	0.00000	0.00000	0.00000	0.00000	0.00000	0.00000
0.12392	0.00000	0.00000	0.00000	0.00000	0.00000	0.00000	0.00000
0.12412	0.00000	0.00000	0.00000	0.00000	0.00000	0.00000	0.00000
0.12432	0.00000	0.00000	0.00000	0.00000	0.00000	0.00000	0.00000
0.12452	0.00000	0.00000	0.00000	0.00000	0.00000	0.00000	0.00000
0.12472	0.00000	0.00000	0.00000	0.00000	0.00000	0.00000	0.00000
0.12492	0.00000	0.00000	0.00000	0.00000	0.00000	0.00000	0.00000
0.12513	0.00000	0.00000	0.00000	0.00000	0.00000	0.00000	0.00000
0.12533	0.00000	0.00000	0.00000	0.00000	0.00000	0.00000	0.00000
0.12553	0.00000	0.00000	0.00000	0.00000	0.00000	0.00000	0.00000
0.12573	0.00000	0.00000	0.00000	0.00000	0.00000	0.00000	0.00000
0.12593	0.00000	0.00000	0.00000	0.00000	0.00000	0.00000	0.00000
0.12613	0.00000	0.00000	0.00000	0.00000	0.00000	0.00000	0.00000
0.12633	0.00000	0.00000	0.00000	0.00000	0.00000	0.00000	0.00000
0.12653	0.00000	0.00000	0.00000	0.00000	0.00000	0.00000	0.00000
0.12673	0.00000	0.00000	0.00000	0.00000	0.00000	0.00000	0.00000
0.12693	0.00000	0.00000	0.00000	0.00000	0.00000	0.00000	0.00000
0.12713	0.00000	0.00000	0.00000	0.00000	0.00000	0.00000	0.00000
0.12733	0.00000	0.00000	0.00000	0.00000	0.00000	0.00000	0.00000
0.12753	0.00000	0.00000	0.00000	0.00000	0.00000	0.00000	0.00000
0.12773	0.00000	0.00000	0.00000	0.00000	0.00000	0.00000	0.00000
0.12793	0.00000	0.00000	0.00000	0.00000	0.00000	0.00000	0.00000
0.12813	0.00000	0.00000	0.00000	0.00000	0.00000	0.00000	0.00000
0.12833	0.00000	0.00000	0.00000	0.00000	0.00000	0.00000	0.00000
0.12853	0.00000	0.00000	0.00000	0.00000	0.00000	0.00000	0.00000
0.12873	0.00000	0.00000	0.00000	0.00000	0.00000	0.00000	0.00000
0.12893	0.00000	0.00000	0.00000	0.00000	0.00000	0.00000	0.00000
0.12913	0.00000	0.00000	0.00000	0.00000	0.00000	0.00000	0.00000
0.12933	0.00000	0.00000	0.00000	0.00000	0.00000	0.00000	0.00000
0.12953	0.00000	0.00000	0.00000	0.00000	0.00000	0.00000	0.00000
0.12973	0.00000	0.00000	0.00000	0.00000	0.00000	0.00000	0.00000
0.12993	0.00000	0.00000	0.00000	0.00000	0.00000	0.00000	0.00000
0.13013	0.00000	0.00000	0.00000	0.00000	0.00000	0.00000	0.00000
0.13033	0.00000	0.00000	0.00000	0.00000	0.00000	0.00000	0.00000
0.13053	0.00000	0.00000	0.00000	0.00000	0.00000	0.00000	0.00000
0.13073	0.00000	0.00000	0.00000	0.00000	0.00000	0.00000	0.00000
0.13093	0.00000	0.00000	0.00000	0.00000	0.00000	0.00000	0.00000
0.13113	0.00000	0.00000	0.00000	0.00000	0.00000	0.00000	0.00000
0.13133	0.00000	0.00000	0.00000	0.00000	0.00000	0.00000	0.00000
0.13153	0.00000	0.00000	0.00000	0.00000	0.00000	0.00000	0.00000
0.13173	0.00000	0.00000	0.00000	0.00000	0.00000	0.00000	0.00000
0.13193	0.00000	0.00000	0.00000	0.00000	0.00000	0.00000	0.00000
0.13213	0.00000	0.00000	0.00000	0.00000	0.00000	0.00000	0.00000
0.13233	0.00000	0.00000	0.00000	0.00000	0.00000	0.00000	0.00000
0.13253	0.00000	0.00000	0.00000	0.00000	0.00000	0.00000	0.00000
0.13273	0.00000	0.00000	0.00000	0.00000	0.00000	0.00000	0.00000
0.13293	0.00000	0.00000	0.00000	0.00000	0.00000	0.00000	0.00000
0.13313	0.00000	0.00000	0.00000	0.00000	0.00000	0.00000	0.00000
0.13333	0.00000	0.00000	0.00000	0.00000	0.00000	0.00000	0.00000
0.13353	0.00000	0.00000	0.00000	0.00000	0.00000	0.00000	0.00000
0.13373	0.00000	0.00000	0.00000	0.00000	0.00000	0.00000	0.00000
0.13393	0.00000	0.00000	0.00000	0.00000	0.00000	0.00000	0.00000
0.13413	0.00000	0.00000	0.00000	0.00000	0.00000	0.00000	0.00000
0.13433	0.00000	0.00000	0.00000	0.00000	0.00000	0.00000	0.00000
0.13453	0.00000	0.00000	0.00000	0.00000	0.00000	0.00000	0.00000
0.13473	0.00000	0.00000	0.00000	0.00000	0.00000	0.00000	0.00000
0.13493	0.00000	0.00000	0.00000	0.00000	0.00000	0.00000	0.00000
0.13514	0.00000	0.00000	0.00000	0.00000	0.00000	0.00000	0.00000
0.13534	0.00000	0.00000	0.00000	0.00000	0.00000	0.00000	0.00000
0.13554	0.00000	0.00000	0.00000	0.00000	0.00000	0.00000	0.00000
0.13574	0.00000	0.00000	0.00000	0.00000	0.00000	0.00000	0.00000
0.13594	0.00000	0.00000	0.00000	0.00000	0.00000	0.00000	0.00000
0.13614	0.00000	0.00000	0.00000	0.00000	0.00000	0.00000	0.00000
0.13634	0.00000	0.00000	0.00000	0.00000	0.00000	0.00000	0.00000
0.13654	0.00000	0.00000	0.00000	0.00000	0.00000	0.00000	0.00000
0.13674	0.00000	0.00000	0.00000	0.00000	0.00000	0.00000	0.00000
0.13694	0.00000	0.00000	0.00000	0.00000	0.00000	0.00000	0.00000
0.13714	0.00000	0.00000	0.00000	0.00000	0.00000	0.00000	0.00000
0.13734	0.00000	0.00000	0.00000	0.00000	0.00000	0.00000	0.00000
0.13754	0.00000	0.00000	0.00000	0.00000	0.00000	0.00000	0.00000
0.13774	0.00000	0.00000	0.00000	0.00000	0.00000	0.00000	0.00000
0.13794	0.00000	0.00000	0.00000	0.00000	0.00000	0.00000	0.00000
0.13814	0.00000	0.00000	0.00000	0.00000	0.00000	0.00000	0.00000
0.13834	0.00000	0.00000	0.00000	0.00000	0.00000	0.00000	0.00000
0.13854	0.00000	0.00000	0.00000	0.00000	0.00000	0.00000	0.00000
0.13874	0.00000	0.00000	0.00000	0.00000	0.00000	0.00000	0.00000
0.13894	0.00000	0.00000	0.00000	0.00000	0.00000	0.00000	0.00000
0.13914	0.00000	0.00000	0.00000	0.00000	0.00000	0.00000	0.00000
0.13934	0.00000	0.00000	0.00000	0.00000	0.00000	0.00000	0.00000
0.13954	0.00000	0.00000	0.00000	0.00000	0.00000	0.00000	0.00000
0.13974	0.00000	0.00000	0.00000	0.00000	0.00000	0.00000	0.00000
0.13994	0.00000	0.00000	0.00000	0.00000	0.00000	0.00000	0.00000
0.14014	0.00000	0.00000	0.00000	0.00000	0.00000	0.00000	0.00000
0.14034	0.00000	0.00000	0.00000	0.00000	0.00000	0.00000	0.00000
0.14054	0.00000	0.00000	0.00000	0.00000	0.00000	0.00000	0.00000
0.14074	0.00000	0.00000	0.00000	0.00000	0.00000	0.00000	0.00000
0.14094	0.00000	0.00000	0.00000	0.00000	0.00000	0.00000	0.00000
0.14114	0.00000	0.00000	0.00000	0.00000	0.00000	0.00000	0.00000
0.14134	0.00000	0.00000	0.00000	0.00000	0.00000	0.00000	0.00000
0.14154	0.00000	0.00000	0.00000	0.00000	0.00000	0.00000	0.00000
0.14174	0.00000	0.00000	0.00000	0.00000	0.00000	0.00000	0.00000
0.14194	0.00000	0.00000	0.00000	0.00000	0.00000	0.00000	0.00000
0.14214	0.00000	0.00000	0.00000	0.00000	0.00000	0.00000	0.00000
0.14234	0.00000	0.00000	0.00000	0.00000	0.00000	0.00000	0.00000
0.14254	0.00000	0.00000	0.00000	0.00000	0.00000	0.00000	0.00000
0.14274	0.00000	0.00000	0.00000	0.00000	0.00000	0.00000	0.00000
0.14294	0.00000	0.00000	0.00000	0.00000	0.00000	0.00000	0.00000
0.14314	0.00000	0.00000	0.00000	0.00000	0.00000	0.00000	0.00000
0.14334	0.00000	0.00000	0.00000	0.00000	0.00000	0.00000	0.00000
0.14354	0.00000	0.00000	0.00000	0.00000	0.00000	0.00000	0.00000
0.14374	0.00000	0.00000	0.00000	0.00000	0.00000	0.00000	0.00000
0.14394	0.00000	0.00000	0.00000	0.00000	0.00000	0.00000	0.00000
0.14414	0.00000	0.00000	0.00000	0.00000	0.00000	0.00000	0.00000
0.14434	0.00000	0.00000	0.00000	0.00000	0.00000	0.00000	0.00000
0.14454	0.00000	0.00000	0.00000	0.00000	0.00000	0.00000	0.00000
0.14474	0.00000	0.00000	0.00000	0.00000	0.00000	0.00000	0.00000
0.14494	0.00000	0.00000	0.00000	0.00000	0.00000	0.00000	0.00000
0.14515	0.00000	0.00000	0.00000	0.00000	0.00000	0.00000	0.00000
0.14535	0.00000	0.00000	0.00000	0.00000	0.00000	0.00000	0.00000
0.14555	0.00000	0.00000	0.00000	0.00000	0.00000	0.00000	0.00000
0.14575	0.00000	0.00000	0.00000	0.00000	0.00000	0.00000	0.00000
0.14595	0.00000	0.00000	0.00000	0.00000	0.00000	0.00000	0.00000
0.14615	0.00000	0.00000	0.00000	0.00000	0.00000	0.00000	0.00000
0.14635	0.00000	0.00000	0.00000	0.00000	0.00000	0.00000	0.00000
0.14655	0.00000	0.00000	0.00000	0.00000	0.00000	0.00000	0.00000
0.14675	0.00000	0.00000	0.00000	0.00000	0.00000	0.00000	0.00000
0.14695	0.00000	0.00000	0.00000	0.00000	0.00000	0.00000	0.00000
0.14715	0.00000	0.00000	0.00000	0.00000	0.00000	0.00000	0.00000
0.14735	0.00000	0.00000	0.00000	0.00000	0.00000	0.00000	0.00000
0.14755	0.00000	0.00000	0.00000	0.00000	0.00000	0.00000	0.00000
0.14775	0.00000	0.00000	0.00000	0.00000	0.00000	0.00000	0.00000
0.14795	0.00000	0.00000	0.00000	0.00000	0.00000	0.00000	0.00000
0.14815	0.00000	0.00000	0.00000	0.00000	0.00000	0.00000	0.00000
0.14835	0.00000	0.00000	0.00000	0.00000	0.00000	0.00000	0.00000
0.14855	0.00000	0.00000	0.00000	0.00000	0.00000	0.00000	0.00000
0.14875	0.00000	0.00000	0.00000	0.00000	0.00000	0.00000	0.00000
0.14895	0.00000	0.00000	0.00000	0.00000	0.00000	0.00000	0.00000
0.14915	0.00000	0.00000	0.00000	0.00000	0.00000	0.00000	0.00000
0.14935	0.00000	0.00000	0.00000	0.00000	0.00000	0.00000	0.00000
0.14955	0.00000	0.00000	0.00000	0.00000	0.00000	0.00000	0.00000
0.14975	0.00000	0.00000	0.00000	0.00000	0.00000	0.00000	0.00000
0.14995	0.00000	0.00000	0.00000	0.00000	0.00000	0.00000	0.00000
0.15015	0.00000	0.00000	0.00000	0.00000	0.00000	0.00000	0.00000
0.15035	0.00000	0.00000	0.00000	0.00000	0.00000	0.00000	0.00000
0.15055	0.00000	0.00000	0.00000	0.00000	0.00000	0.00000	0.00000
0.15075	0.00000	0.00000	0.00000	0.00000	0.00000	0.00000	0.00000
0.15095	0.00000	0.00000	0.00000	0.00000	0.00000	0.00000	0.00000
0.15115	0.00000	0.00000	0.00000	0.00000	0.00000	0.00000	0.00000
0.15135	0.00000	0.00000	0.00000	0.00000	0.00000	0.00000	0.00000
0.15155	0.00000	0.00000	0.00000	0.00000	0.00000	0.00000	0.00000
0.15175	0.00000	0.00000	0.00000	0.00000	0.00000	0.00000	0.00000
0.15195	0.00000	0.00000	0.00000	0.00000	0.00000	0.00000	0.00000
0.15215	0.00000	0.00000	0.00000	0.00000	0.00000	0.00000	0.00000
0.15235	0.00000	0.00000	0.00000	0.00000	0.00000	0.00000	0.00000
0.15255	0.00000	0.00000	0.00000	0.00000	0.00000	0.00000	0.00000
0.15275	0.00000	0.00000	0.00000	0.00000	0.00000	0.00000	0.00000
0.15295	0.00000	0.00000	0.00000	0.00000	0.00000	0.00000	0.00000
0.15315	0.00000	0.00000	0.00000	0.00000	0.00000	0.00000	0.00000
0.15335	0.00000	0.00000	0.00000	0.00000	0.00000	0.00000	0.00000
0.15355	0.00000	0.00000	0.00000	0.00000	0.00000	0.00000	0.00000
0.15375	0.00000	0.00000	0.00000	0.00000	0.00000	0.00000	0.00000
0.15395	0.00000	0.00000	0.00000	0.00000	0.00000	0.00000	0.00000
0.15415	0.00000	0.00000	0.00000	0.00000	0.00000	0.00000	0.00000
0.15435	0.00000	0.00000	0.00000	0.00000	0.00000	0.00000	0.00000
0.15455	0.00000	0.00000	0.00000	0.00000	0.00000	0.00000	0.00000
0.15475	0.00000	0.00000	0.00000	0.00000	0.00000	0.00000	0.00000
0.15495	0.00000	0.00000	0.00000	0.00000	0.00000	0.00000	0.00000
0.15516	0.00000	0.00000	0.00000	0.00000	0.00000	0.00000	0.00000
0.15536	0.00000	0.00000	0.00000	0.00000	0.00000	0.00000	0.00000
0.15556	0.00000	0.00000	0.00000	0.00000	0.00000	0.00000	0.00000
0.15576	0.00000	0.00000	0.00000	0.00000	0.00000	0.00000	0.00000
0.15596	0.00000	0.00000	0.00000	0.00000	0.00000	0.00000	0.00000
0.15616	0.00000	0.00000	0.00000	0.00000	0.00000	0.00000	0.00000
0.15636	0.00000	0.00000	0.00000	0.00000	0.00000	0.00000	0.00000
0.15656	0.00000	0.00000	0.00000	0.00000	0.00000	0.00000	0.00000
0.15676	0.00000	0.00000	0.00000	0.00000	0.00000	0.00000	0.00000
0.15696	0.00000	0.00000	0.00000	0.00000	0.00000	0.00000	0.00000
0.15716	0.00000	0.00000	0.00000	0.00000	0.00000	0.00000	0.00000
0.15736	0.00000	0.00000	0.00000	0.00000	0.00000	0.00000	0.00000
0.15756	0.00000	0.00000	0.00000	0.00000	0.00000	0.00000	0.00000
0.15776	0.00000	0.00000	0.00000	0.00000	0.00000	0.00000	0.00000
0.15796	0.00000	0.00000	0.00000	0.00000	0.00000	0.00000	0.00000
0.15816	0.00000	0.00000	0.00000	0.00000	0.00000	0.00000	0.00000
0.15836	0.00000	0.00000	0.00000	0.00000	0.00000	0.00000	0.00000
0.15856	0.00000	0.00000	0.00000	0.00000	0.00000	0.00000	0.00000
0.15876	0.00000	0.00000	0.00000	0.00000	0.00000	0.00000	0.00000
0.15896	0.00000	0.00000	0.00000	0.00000	0.00000	0.00000	0.00000
0.15916	0.00000	0.00000	0.00000	0.00000	0.00000	0.00000	0.00000
0.15936	0.00000	0.00000	0.00000	0.00000	0.00000	0.00000	0.00000
0.15956	0.00000	0.00000	0.00000	0.00000	0.00000	0.00000	0.00000
0.15976	0.00000	0.00000	0.00000	0.00000	0.00000	0.00000	0.00000
0.15996	0.00000	0.00000	0.00000	0.00000	0.00000	0.00000	0.00000
0.16016	0.00000	0.00000	0.00000	0.00000	0.00000	0.00000	0.00000
0.16036	0.00000	0.00000	0.00000	0.00000	0.00000	0.00000	0.00000
0.16056	0.00000	0.00000	0.00000	0.00000	0.00000	0.00000	0.00000
0.16076	0.00000	0.00000	0.00000	0.00000	0.00000	0.00000	0.00000
0.16096	0.00000	0.00000	0.00000	0.00000	0.00000	0.00000	0.00000
0.16116	0.00000	0.00000	0.00000	0.00000	0.00000	0.00000	0.00000
0.16136	0.00000	0.00000	0.00000	0.00000	0.00000	0.00000	0.00000
0.16156	0.00000	0.00000	0.00000	0.00000	0.00000	0.00000	0.00000
0.16176	0.00000	0.00000	0.00000	0.00000	0.00000	0.00000	0.00000
0.16196	0.00000	0.00000	0.00000	0.00000	0.00000	0.00000	0.00000
0.16216	0.00000	0.00000	0.00000	0.00000	0.00000	0.00000	0.00000
0.16236	0.00000	0.00000	0.00000	0.00000	0.00000	0.00000	0.00000
0.16256	0.00000	0.00000	0.00000	0.00000	0.00000	0.00000	0.00000
0.16276	0.00000	0.00000	0.00000	0.00000	0.00000	0.00000	0.00000
0.16296	0.00000	0.00000	0.00000	0.00000	0.00000	0.00000	0.00000
0.16316	0.00000	0.00000	0.00000	0.00000	0.00000	0.00000	0.00000
0.16336	0.00000	0.00000	0.00000	0.00000	0.00000	0.00000	0.00000
0.16356	0.00000	0.00000	0.00000	0.00000	0.00000	0.00000	0.00000
0.16376	0.00000	0.00000	0.00000	0.00000	0.00000	0.00000	0.00000
0.16396	0.00000	0.00000	0.00000	0.00000	0.00000	0.00000	0.00000
0.16416	0.00000	0.00000	0.00000	0.00000	0.00000	0.00000	0.00000
0.16436	0.00000	0.00000	0.00000	0.00000	0.00000	0.00000	0.00000
0.16456	0.00000	0.00000	0.00000	0.00000	0.00000	0.00000	0.00000
0.16476	0.00000	0.00000	0.00000	0.00000	0.00000	0.00000	0.00000
0.16496	0.00000	0.00000	0.00000	0.00000	0.00000	0.00000	0.00000
0.16517	0.00000	0.00000	0.00000	0.00000	0.00000	0.00000	0.00000
0.16537	0.00000	0.00000	0.00000	0.00000	0.00000	0.00000	0.00000
0.16557	0.00000	0.00000	0.00000	0.00000	0.00000	0.00000	0.00000
0.16577	0.00000	0.00000	0.00000	0.00000	0.00000	0.00000	0.00000
0.16597	0.00000	0.00000	0.00000	0.00000	0.00000	0.00000	0.00000
0.16617	0.00000	0.00000	0.00000	0.00000	0.00000	0.00000	0.00000
0.16637	0.00000	0.00000	0.00000	0.00000	0.00000	0.00000	0.00000
0.16657	0.00000	0.00000	0.00000	0.00000	0.00000	0.00000	0.00000
0.16677	0.00000	0.00000	0.00000	0.00000	0.00000	0.00000	0.00000
0.16697	0.00000	0.00000	0.00000	0.00000	0.00000	0.00000	0.00000
0.16717	0.00000	0.00000	0.00000	0.00000	0.00000	0.00000	0.00000
0.16737	0.00000	0.00000	0.00000	0.00000	0.00000	0.00000	0.00000
0.16757	0.00000	0.00000	0.00000	0.00000	0.00000	0.00000	0.00000
0.16777	0.00000	0.00000	0.00000	0.00000	0.00000	0.00000	0.00000
0.16797	0.00000	0.00000	0.00000	0.00000	0.00000	0.00000	0.00000
0.16817	0.00000	0.00000	0.00000	0.00000	0.00000	0.00000	0.00000
0.16837	0.00000	0.00000	0.00000	0.00000	0.00000	0.00000	0.00000
0.16857	0.00000	0.00000	0.00000	0.00000	0.00000	0.00000	0.00000
0.16877	0.00000	0.00000	0.00000	0.00000	0.00000	0.00000	0.00000
0.16897	0.00000	0.00000	0.00000	0.00000	0.00000	0.00000	0.00000
0.16917	0.00000	0.00000	0.00000	0.00000	0.00000	0.00000	0.00000
0.16937	0.00000	0.00000	0.00000	0.00000	0.00000	0.00000	0.00000
0.16957	0.00000	0.00000	0.00000	0.00000	0.00000	0.00000	0.00000
0.16977	0.00000	0.00000	0.00000	0.00000	0.00000	0.00000	0.00000
0.16997	0.00000	0.00000	0.00000	0.00000	0.00000	0.00000	0.00000
0.17017	0.00000	0.00000	0.00000	0.00000	0.00000	0.00000	0.00000
0.17037	0.00000	0.00000	0.00000	0.00000	0.00000	0.00000	0.00000
0.17057	0.00000	0.00000	0.00000	0.00000	0.00000	0.00000	0.00000
0.17077	0.00000	0.00000	0.00000	0.00000	0.00000	0.00000	0.00000
0.17097	0.00000	0.00000	0.00000	0.00000	0.00000	0.00000	0.00000
0.17117	0.00000	0.00000	0.00000	0.00000	0.00000	0.00000	0.00000
0.17137	0.00000	0.00000	0.00000	0.00000	0.00000	0.00000	0.00000
0.17157	0.00000	0.00000	0.00000	0.00000	0.00000	0.00000	0.00000
0.17177	0.00000	0.00000	0.00000	0.00000	0.00000	0.00000	0.00000
0.17197	0.00000	0.00000	0.00000	0.00000	0.00000	0.00000	0.00000
0.17217	0.00000	0.00000	0.00000	0.00000	0.00000	0.00000	0.00000
0.17237	0.00000	0.00000	0.00000	0.00000	0.00000	0.00000	0.00000
0.17257	0.00000	0.00000	0.00000	0.00000	0.00000	0.00000	0.00000
0.17277	0.00000	0.00000	0.00000	0.00000	0.00000	0.00000	0.00000
0.17297	0.00000	0.00000	0.00000	0.00000	0.00000	0.00000	0.00000
0.17317	0.00000	0.00000	0.00000	0.00000	0.00000	0.00000	0.00000
0.17337	0.00000	0.00000	0.00000	0.00000	0.00000	0.00000	0.00000
0.17357	0.00000	0.00000	0.00000	0.00000	0.00000	0.00000	0.00000
0.17377	0.00000	0.00000	0.00000	0.00000	0.00000	0.00000	0.00000
0.17397	0.00000	0.00000	0.00000	0.00000	0.00000	0.00000	0.00000
0.17417	0.00000	0.00000	0.00000	0.00000	0.00000	0.00000	0.00000
0.17437	0.00000	0.00000	0.00000	0.00000	0.00000	0.00000	0.00000
0.17457	0.00000	0.00000	0.00000	0.00000	0.00000	0.00000	0.00000
0.17477	0.00000	0.00000	0.00000	0.00000	0.00000	0.00000	0.00000
0.17497	0.00000	0.00000	0.00000	0.00000	0.00000	0.00000	0.00000
0.17518	0.00000	0.00000	0.00000	0.00000	0.00000	0.00000	0.00000
0.17538	0.00000	0.00000	0.00000	0.00000	0.00000	0.00000	0.00000
0.17558	0.00000	0.00000	0.00000	0.00000	0.00000	0.00000	0.00000
0.17578	0.00000	0.00000	0.00000	0.00000	0.00000	0.00000	0.00000
0.17598	0.00000	0.00000	0.00000	0.00000	0.00000	0.00000	0.00000
0.17618	0.00000	0.00000	0.00000	0.00000	0.00000	0.00000	0.00000
0.17638	0.00000	0.00000	0.00000	0.00000	0.00000	0.00000	0.00000
0.17658	0.00000	0.00000	0.00000	0.00000	0.00000	0.00000	0.00000
0.17678	0.00000	0.00000	0.00000	0.00000	0.00000	0.00000	0.00000
0.17698	0.00000	0.00000	0.00000	0.00000	0.00000	0.00000	0.00000
0.17718	0.00000	0.00000	0.00000	0.00000	0.00000	0.00000	0.00000
0.17738	0.00000	0.00000	0.00000	0.00000	0.00000	0.00000	0.00000
0.17758	0.00000	0.00000	0.00000	0.00000	0.00000	0.00000	0.00000
0.17778	0.00000	0.00000	0.00000	0.00000	0.00000	0.00000	0.00000
0.17798	0.00000	0.00000	0.00000	0.00000	0.00000	0.00000	0.00000
0.17818	0.00000	0.00000	0.00000	0.00000	0.00000	0.00000	0.00000
0.17838	0.00000	0.00000	0.00000	0.00000	0.00000	0.00000	0.00000
0.17858	0.00000	0.00000	0.00000	0.00000	0.00000	0.00000	0.00000
0.17878	0.00000	0.00000	0.00000	0.00000	0.00000	0.00000	0.00000
0.17898	0.00000	0.00000	0.00000	0.00000	0.00000	0.00000	0.00000
0.17918	0.00000	0.00000	0.00000	0.00000	0.00000	0.00000	0.00000
0.17938	0.00000	0.00000	0.00000	0.00000	0.00000	0.00000	0.00000
0.17958	0.00000	0.00000	0.00000	0.00000	0.00000	0.00000	0.00000
0.17978	0.00000	0.00000	0.00000	0.00000	0.00000	0.00000	0.00000
0.17998	0.00000	0.00000	0.00000	0.00000	0.00000	0.00000	0.00000
0.18018	0.00000	0.00000	0.00000	0.00000	0.00000	0.00000	0.00000
0.18038	0.00000	0.00000	0.00000	0.00000	0.00000	0.00000	0.00000
0.18058	0.00000	0.00000	0.00000	0.00000	0.00000	0.00000	0.00000
0.18078	0.00000	0.00000	0.00000	0.00000	0.00000	0.00000	0.00000
0.18098	0.00000	0.00000	0.00000	0.00000	0.00000	0.00000	0.00000
0.18118	0.00000	0.00000	0.00000	0.00000	0.00000	0.00000	0.00000
0.18138	0.00000	0.00000	0.00000	0.00000	0.00000	0.00000	0.00000
0.18158	0.00000	0.00000	0.00000	0.00000	0.00000	0.00000	0.00000
0.18178	0.00000	0.00000	0.00000	0.00000	0.00000	0.00000	0.00000
0.18198	0.00000	0.00000	0.00000	0.00000	0.00000	0.00000	0.00000
0.18218	0.00000	0.00000	0.00000	0.00000	0.00000	0.00000	0.00000
0.18238	0.00000	0.00000	0.00000	0.00000	0.00000	0.00000	0.00000
0.18258	0.00000	0.00000	0.00000	0.00000	0.00000	0.00000	0.00000
0.18278	0.00000	0.00000	0.00000	0.00000	0.00000	0.00000	0.00000
0.18298	0.00000	0.00000	0.00000	0.00000	0.00000	0.00000	0.00000
0.18318	0.00000	0.00000	0.00000	0.00000	0.00000	0.00000	0.00000
0.18338	0.00000	0.00000	0.00000	0.00000	0.00000	0.00000	0.00000
0.18358	0.00000	0.00000	0.00000	0.00000	0.00000	0.00000	0.00000
0.18378	0.00000	0.00000	0.00000	0.00000	0.00000	0.00000	0.00000
0.18398	0.00000	0.00000	0.00000	0.00000	0.00000	0.00000	0.00000
0.18418	0.00000	0.00000	0.00000	0.00000	0.00000	0.00000	0.00000
0.18438	0.00000	0.00000	0.00000	0.00000	0.00000	0.00000	0.00000
0.18458	0.00000	0.00000	0.00000	0.00000	0.00000	0.00000	0.00000
0.18478	0.00000	0.00000	0.00000	0.00000	0.00000	0.00000	0.00000
0.18498	0.00000	0.00000	0.00000	0.00000	0.00000	0.00000	0.00000
0.18519	0.00000	0.00000	0.00000	0.00000	0.00000	0.00000	0.00000
0.18539	0.00000	0.00000	0.00000	0.00000	0.00000	0.00000	0.00000
0.18559	0.00000	0.00000	0.00000	0.00000	0.00000	0.00000	0.00000
0.18579	0.00000	0.00000	0.00000	0.00000	0.00000	0.00000	0.00000
0.18599	0.00000	0.00000	0.00000	0.00000	0.00000	0.00000	0.00000
0.18619	0.00000	0.00000	0.00000	0.00000	0.00000	0.00000	0.00000
0.18639	0.00000	0.00000	0.00000	0.00000	0.00000	0.00000	0.00000
0.18659	0.00000	0.00000	0.00000	0.00000	0.00000	0.00000	0.00000
0.18679	0.00000	0.00000	0.00000	0.00000	0.00000	0.00000	0.00000
0.18699	0.00000	0.00000	0.00000	0.00000	0.00000	0.00000	0.00000
0.18719	0.00000	0.00000	0.00000	0.00000	0.00000	0.00000	0.00000
0.18739	0.00000	0.00000	0.00000	0.00000	0.00000	0.00000	0.00000
0.18759	0.00000	0.00000	0.00000	0.00000	0.00000	0.00000	0.00000
0.18779	0.00000	0.00000	0.00000	0.00000	0.00000	0.00000	0.00000
0.18799	0.00000	0.00000	0.00000	0.00000	0.00000	0.00000	0.00000
0.18819	0.00000	0.00000	0.00000	0.00000	0.00000	0.00000	0.00000
0.18839	0.00000	0.00000	0.00000	0.00000	0.00000	0.00000	0.00000
0.18859	0.00000	0.00000	0.00000	0.00000	0.00000	0.00000	0.00000
0.18879	0.00000	0.00000	0.00000	0.00000	0.00000	0.00000	0.00000
0.18899	0.00000	0.00000	0.00000	0.00000	0.00000	0.00000	0.00000
0.18919	0.00000	0.00000	0.00000	0.00000	0.00000	0.00000	0.00000
0.18939	0.00000	0.00000	0.00000	0.00000	0.00000	0.00000	0.00000
0.18959	0.00000	0.00000	0.00000	0.00000	0.00000	0.00000	0.00000
0.18979	0.00000	0.00000	0.00000	0.00000	0.00000	0.00000	0.00000
0.18999	0.00000	0.00000	0.00000	0.00000	0.00000	0.00000	0.00000
0.19019	0.00000	0.00000	0.00000	0.00000	0.00000	0.00000	0.00000
0.19039	0.00000	0.00000	0.00000	0.00000	0.00000	0.00000	0.00000
0.19059	0.00000	0.00000	0.00000	0.00000	0.00000	0.00000	0.00000
0.19079	0.00000	0.00000	0.00000	0.00000	0.00000	0.00000	0.00000
0.19099	0.00000	0.00000	0.00000	0.00000	0.00000	0.00000	0.00000
0.19119	0.00000	0.00000	0.00000	0.00000	0.00000	0.00000	0.00000
0.19139	0.00000	0.00000	0.00000	0.00000	0.00000	0.00000	0.00000
0.19159	0.00000	0.00000	0.00000	0.00000	0.00000	0.00000	0.00000
0.19179	0.00000	0.00000	0.00000	0.00000	0.00000	0.00000	0.00000
0.19199	0.00000	0.00000	0.00000	0.00000	0.00000	0.00000	0.00000
0.19219	0.00000	0.00000	0.00000	0.00000	0.00000	0.00000	0.00000
0.19239	0.00000	0.00000	0.00000	0.00000	0.00000	0.00000	0.00000
0.19259	0.00000	0.00000	0.00000	0.00000	0.00000	0.00000	0.00000
0.19279	0.00000	0.00000	0.00000	0.00000	0.00000	0.00000	0.00000
0.19299	0.00000	0.00000	0.00000	0.00000	0.00000	0.00000	0.00000
0.19319	0.00000	0.00000	0.00000	0.00000	0.00000	0.00000	0.00000
0.19339	0.00000	0.00000	0.00000	0.00000	0.00000	0.00000	0.00000
0.19359	0.00000	0.00000	0.00000	0.00000	0.00000	0.00000	0.00000
0.19379	0.00000	0.00000	0.00000	0.00000	0.00000	0.00000	0.00000
0.19399	0.00000	0.00000	0.00000	0.00000	0.00000	0.00000	0.00000
0.19419	0.00000	0.00000	0.00000	0.00000	0.00000	0.00000	0.00000
0.19439	0.00000	0.00000	0.00000	0.00000	0.00000	0.00000	0.00000
0.19459	0.00000	0.00000	0.00000	0.00000	0.00000	0.00000	0.00000
0.19479	0.00000	0.00000	0.00000	0.00000	0.00000	0.00000	0.00000
0.19499	0.00000	0.00000	0.00000	0.00000	0.00000	0.00000	0.00000
0.19520	0.00000	0.00000	0.00000	0.00000	0.00000	0.00000	0.00000
0.19540	0.00000	0.00000	0.00000	0.00000	0.00000	0.00000	0.00000
0.19560	0.00000	0.00000	0.00000	0.00000	0.00000	0.00000	0.00000
0.19580	0.00000	0.00000	0.00000	0.00000	0.00000	0.00000	0.00000
0.19600	0.00000	0.00000	0.00000	0.00000	0.00000	0.00000	0.00000
0.19620	0.00000	0.00000	0.00000	0.00000	0.00000	0.00000	0.00000
0.19640	0.00000	0.00000	0.00000	0.00000	0.00000	0.00000	0.00000
0.19660	0.00000	0.00000	0.00000	0.00000	0.00000	0.00000	0.00000
0.19680	0.00000	0.00000	0.00000	0.00000	0.00000	0.00000	0.00000
0.19700	0.00000	0.00000	0.00000	0.00000	0.00000	0.00000	0.00000
0.19720	0.00000	0.00000	0.00000	0.00000	0.00000	0.00000	0.00000
0.19740	0.00000	0.00000	0.00000	0.00000	0.00000	0.00000	0.00000
0.19760	0.00000	0.00000	0.00000	0.00000	0.00000	0.00000	0.00000
0.19780	0.00000	0.00000	0.00000	0.00000	0.00000	0.00000	0.00000
0.19800	0.00000	0.00000	0.00000	0.00000	0.00000	0.00000	0.00000
0.19820	0.00000	0.00000	0.00000	0.00000	0.00000	0.00000	0.00000
0.19840	0.00000	0.00000	0.00000	0.00000	0.00000	0.00000	0.00000
0.19860	0.00000	0.00000	0.00000	0.00000	0.00000	0.00000	0.00000
0.19880	0.00000	0.00000	0.00000	0.00000	0.00000	0.00000	0.00000
0.19900	0.00000	0.00000	0.00000	0.00000	0.00000	0.00000	0.00000
0.19920	0.00000	0.00000	0.00000	0.00000	0.00000	0.00000	0.00000
0.19940	0.00000	0.00000	0.00000	0.00000	0.00000	0.00000	0.00000
0.19960	0.00000	0.00000	0.00000	0.00000	0.00000	0.00000	0.00000
0.19980	0.00000	0.00000	0.00000	0.00000	0.00000	0.00000	0.00000
0.20000	0.00000	0.00000	0.00000	0.00000	0.00000	0.00000	0.00000
